-3.7048825305445074
43.07665640205453
-16.629942455759185
2.295241101406196
19.813143707938536
37.255794973725216
-14.114877480016164
12.980538742709882
-4.9811681242677235
39.36891211176154
38.76634143536517
47.22586032569916
-0.02747546909091625
-46.11983801045772
44.05772613214033
33.075356880862934
-11.419216204021241
-17.984281156284695
-37.220130651040364
33.47269188043596
-4.923722871689625
-31.11841294551853
17.962856383083903
-32.5152603804447
-36.879429836891006
-17.958246496941022
39.15091557363226
11.93267468879408
1.5238044585426707
28.409098117311586
35.73964476396465
-23.720898102462186
-47.794447517102306
-56.69064903362003
-37.09926869222386
0.15797733383239176
6.310606733589092
27.28430537982102
-38.512214643847386
12.80459225947578
7.403578727092345
36.43474802004576
68.03913533922575
-6.438902025727783
-61.22308696361681
38.47533961504951
-1.4805416846308361
9.276338244594832
34.29329888465787
35.55955087056033
26.006129972974602
-40.15096032411958
-7.336804639872659
19.188899552395803
44.112166619433154
7.984718775271598
-13.235254689871555
-14.460562561707219
56.36005278836519
-5.760597453502429
-12.856518503463134
-2.6996713668365544
28.46607840055752
-19.13890516662228
-0.542363865734961
13.397951146613552
4.986766488735408
16.419664628579913
-23.563392116981753
-21.158103927088916
-2.7290051820000247
-65.03343867723336
26.109911430417277
-33.05573063981977
-0.003931419927813096
29.45145938976456
17.837030256966695
4.791201113950915
39.87034814218745
-3.840532164586664
-21.26845553940548
-7.338181645618503
-15.692356903429742
67.43212079186232
-42.867165530216475
3.572018422886204
-25.423185968217133
3.965840227697665
45.55415067654107
28.88127933648115
-12.873317624033602
59.495627469869724
-12.893975704887259
2.3821982218982267
10.64349943348486
2.728730969526989
-24.323235299316842
2.3975582746867126
15.736670847168003
-40.16894676995747
-43.418402448026946
48.62187694882981
-26.677498677940257
17.547303154740668
40.63464018892047
-9.866850920128341
-47.253214279853616
-4.992623002995506
39.71203579269169
-27.363526314414784
-2.9016651684727126
18.681978403681093
-53.08114798440009
-23.555963181274286
6.2731158083989245
22.259465608226783
-45.1798076006467
58.712404100840445
-21.322072095554418
10.360068710104283
6.865096451605186
16.560729222905348
19.07334553128846
42.28421864256775
19.99741572874351
33.758277317970254
-44.20034310734445
-58.141782066155386
-42.68287534193751
6.950972566069736
6.370601864662511
-2.8736293238252113
8.829617969610807
3.8087986362647595
-63.992851765938696
12.324547190405157
-43.108636321560894
26.633403590280416
60.686995621656614
19.462110802227464
37.21826827130774
-1.7919345308907868
4.874840286226472
69.61406180970322
12.067557114771585
96.75372147474262
-23.16335306355537
-40.925829271411814
35.790473715578656
-28.630091653602072
27.826947530125956
-18.024656499927126
62.23621038417987
35.25949579165096
15.223483473563165
-0.6554736265953984
1.4401242133316945
12.729887526324307
21.73870321405966
32.94350572308115
-3.950721280278879
-52.578866035657654
12.006862397205163
33.07525811658575
1.6285636782432924
-1.9582615286017457
-33.275718169527075
7.899492492141067
51.119393388691265
64.81624237402616
-8.644192728637256
-25.525091374041473
37.738146398157845
-5.785397929951605
-1.0250924371800245
-60.47486882564634
-16.54416512731889
20.18638669171502
41.4794936155039
21.941105061796826
-31.548650961481947
-19.403140368838244
78.41725181824783
-17.563442121411498
6.243076039802221
50.829537560643324
47.21222992892158
-1.6467506250489201
41.32953837621672
-58.67553488618425
-54.070396389565275
68.9356682826339
-26.739080299183996
14.813329464982614
-11.765428867826413
18.71565977796227
53.03977456692665
35.8891561969546
-5.132408187158207
38.6324217450925
-13.343625468740706
-6.047125456395184
-37.63721389563572
12.208472075891894
-20.455623817235548
49.00570136588492
-14.766375520959619
31.330588315488257
-63.03114057342856
47.587140381243934
-30.722063261585554
-11.06576022858623
52.35214009585593
10.259999526311729
-35.80720520372751
3.7233448358678825
10.260050321255603
89.23341704349919
48.474806183394136
56.22219099708098
33.81044251185775
9.422712059900517
-89.5451205217792
-28.466823616787217
-5.020359492556322
24.443162923081502
0.4195244684573236
32.24306268917268
-11.281423694157043
59.41705930901514
24.222457732114805
-5.049827876181718
11.829916479359621
54.392161781611726
-11.793632404368209
-37.50985856690446
19.405845760784395
-0.7430030930778155
-1.6107158615056
28.307122409765388
20.379962535363767
-13.520320940103646
-31.888155467876743
73.5050156996726
43.794628644034425
39.10272912628577
47.832496413593745
-51.27932370799338
-43.58881130374371
26.084873431886482
-9.16851242100253
7.534160300190656
10.403637781123697
-30.106474484946062
52.64601353655994
16.98819515001865
-25.29759060302984
22.45674298622145
45.04049213781378
8.214169687933584
36.2242725968418
44.134969963824645
9.507467047780839
-59.57115355405432
0.5265834112544105
-12.449251589904202
26.150747660779746
4.094930059980658
40.914930193084345
-19.53100672973666
-7.96132360808995
38.37154138054585
36.11953260202064
40.68333092286118
10.610731639504316
21.569906261483286
-37.195573363855935
12.129120433852012
32.69899171195888
41.504981536553494
-89.54982541948456
0.5025777824592534
-23.48794417563171
33.30714697139086
52.23814651584133
-31.715109911755327
-16.689739540980206
48.78045403626927
-32.87965787034419
48.809281912460484
-25.31966487422593
35.23204599191641
21.94727456769808
-38.46450269441305
9.74034900063971
24.30788682016623
-74.52729204267365
24.579005055239797
-4.819676996112628
-16.494289908456416
50.592230582218384
20.32484188182872
2.3764924642286562
3.590798977171854
19.72244413653192
12.187620139307809
65.25870284694464
-8.794926415368694
48.42717761014547
19.927397437433118
21.06446240729633
22.819095898655014
3.169577043514261
7.6999070401019996
-5.076312073133083
-10.301733002773345
-17.779445544162726
25.6611729251194
9.665841123031955
25.216535921425475
22.92934321768223
25.619443458936075
34.198667624210536
-34.29614410080007
32.298768154407846
12.930813826884537
23.308860782298353
14.752391762082642
61.606540250156044
36.04351643706141
58.72525110732014
31.801193394212312
4.106050230300461
-35.634252596720735
1.8318294349121587
4.437468900547653
-33.80734376811865
-24.129064668413584
49.94737827253339
-10.99388152263037
23.67796846067525
-35.15847131011478
32.778719176134636
77.52983928991299
33.438730844153575
-64.13034977064493
28.955551143606456
15.058079881519044
-12.943947848016252
-35.087701466105656
30.28929074180477
-14.474144087294784
5.3604409305257406
-29.863940774210633
-38.94080176081449
64.2996657229909
9.063674185924492
78.54634294412541
1.5300569473122518
-6.04738987884903
-46.390648106014865
11.93109211911235
9.077577419677656
16.6323595553789
31.575683931824692
27.28115471377246
-47.24324101886023
-57.076079975117594
-35.5043634271944
-13.508813791880486
27.32163494886628
2.6126437643369513
22.492710426440503
29.007783671928067
50.734231178698
-16.555424992928835
-22.45480440323277
-21.55639859276618
25.213224185637785
44.32825782594127
-30.31989290417622
13.989458931897069
4.47610370109906
47.87386132959656
24.53272988137358
48.17191737596162
61.51636936559745
-55.37165272974153
-0.6618943306029603
89.26669198877522
38.968371947226856
11.295579121447252
-7.1445895638189345
13.711621213687911
-75.22442230217571
31.69225970769338
18.88080489869828
36.15082984435924
20.270422883190175
-42.1401500862617
-46.65639970834884
34.78053558964622
-17.721200233338138
88.27732804873607
17.30039089527545
66.2252983001651
38.045726780258285
56.6413908534326
18.701993064788947
21.170581779780747
17.025743865955015
-22.37401037865196
-15.12909368164083
-5.6266684272364795
-28.36404344075958
2.73005879069491
-33.454608158544005
19.740032431205655
45.74907264361787
-26.724853397156814
-3.748307727265294
-9.653531301108194
35.082305518981876
49.828421191498336
-9.043190954715977
26.55244713850231
14.002210747321081
-1.680898326003307
40.00945240343477
0.6630308900998756
86.18587647479517
-21.699096988184515
-48.68926106698997
-2.9492297432154277
10.775632061197491
44.90735456582616
34.01413002188238
7.637981215792275
-6.343429737929222
-2.399545648534728
-33.485697870043296
54.4986148713101
46.421207770193774
-20.244418406908963
20.36623419145931
51.63218673394925
7.059696456827128
28.09017195802182
-12.72800683505316
60.94313103689403
20.29845250796829
28.804447840616533
-31.00762766495594
34.476901087382764
-28.104360982088217
-1.197381512211491
-13.719127470319064
-32.36134930787868
25.15682818639383
11.703177174063711
1.328288873170429
33.696630190859885
44.41870309250601
-4.537423462936777
35.81019065029016
24.625405671086327
38.49836671933688
-4.011836619729882
40.647271020106146
27.822067501080014
32.868938475617185
11.768046430130747
31.69283646169675
30.2273163725325
45.84317399106362
65.40323095366097
9.27076274816335
65.76473981155405
27.797380582838656
-13.597011453078933
38.00021880542458
-16.875903157756568
65.28107657585403
-0.10479805108072604
-3.0905305521801036
31.704054579345637
85.94542207561375
-75.92824513538972
52.1757560094558
68.3280536557747
8.064880814076211
79.18256706436647
55.070647973890516
-29.143295152600068
35.58008364788236
43.08824354790863
6.938767905999526
9.824187011645563
38.06208476873011
-13.054526753274759
-3.7306243648662853
-16.850916547389353
90.81159054985763
21.86160105351447
11.561833953490538
22.811506334330392
40.6082356687154
-18.808237912885147
18.583174287420835
4.145710845868718
-14.523836709653471
15.063987027839563
24.592903932947337
31.065155720468255
62.072776583420186
50.204067979796264
26.588095684445275
-46.68050013560033
-34.00567237731492
-31.981770816472505
-71.25135849716887
-8.568351482681868
51.25225948944337
17.99395834280541
31.515675553229123
41.06057429652571
7.369879865097666
-60.76079388252403
55.041580931284166
19.539431495514677
-10.477870465780024
-85.49667504359681
-17.191282541851052
22.003528816376992
30.255182460286463
46.10180199311166
-29.260813437383717
-39.457028392369445
55.888000343737446
-16.310874432642578
1.212126005311859
3.9820822571129355
52.084831240426595
7.700205943648618
26.177915310987668
59.020811139099365
7.9112302895404465
48.35613982700369
30.435543323954754
41.87907791654014
2.529874381194734
-11.057984510059937
-0.8189449341427384
-10.87077015966369
56.347065127456474
2.438070051908964
33.1257093678068
2.394825286178122
24.9623933496961
4.482231888679745
-16.756720552921152
29.94085659587605
30.724164464412283
13.933815346794294
-31.554548066142715
38.72098745935143
-28.584041590771776
8.53080443049961
1.514668597686347
69.66731374140848
-67.36825136956811
33.67282649255745
23.834544284808842
21.097373575156606
18.783632219091942
10.205783176813194
44.40244570830165
0.8609658803848514
27.094267857270843
-29.75288527328268
99.73852422836835
33.64946894293569
-30.79909034794666
37.63828117179001
57.28917223505944
-10.347540698512072
-2.8878608776866947
-7.078296141899889
33.09737844012111
-0.9255571904109239
18.576921013389192
23.595580389873334
10.912269988230285
-17.195085872687635
-20.50120333274988
53.59680230570961
79.75611963846777
23.607465656638404
-5.146836130256423
87.21927257918843
16.605390565670515
51.48367216687314
-13.276928884184466
22.572073444683546
-2.871303582598417
63.80518014584551
-52.58723438018214
52.91669689621025
8.347223525064079
14.029187049653661
-4.477333935669348
-56.59021241271178
-65.0824015986764
-11.112324538128702
-22.294472707210097
1.4839015466189256
-0.49670392288242127
13.181673703362094
32.368608562510964
30.517982942245403
37.62806528352986
16.443215283078324
19.352120480199936
-62.9201501609173
77.9620728948062
16.642550110759654
56.05111174042214
-9.414589160733955
-36.91972397344207
35.19083125185036
-28.175606744626336
-32.03344870688898
-50.07906417791734
70.5369771685835
-2.9722273453131933
21.173015094094197
-13.401312758724616
-26.86286122234693
-15.396801608742601
47.235465022739206
71.59593312256798
1.6543394853185944
-14.194921804584682
80.5133677074482
69.04781426487071
12.239008170819748
-9.127203517608242
39.599747197829466
18.3278254244989
-47.78038462858488
15.174543690741942
-19.239854089297367
14.380125699570744
39.837035099034146
-8.487797906367602
16.82318924254502
100.90462696179738
-10.233823436415834
-20.980496454458688
8.538036009904422
-2.006924095875114
26.051745796045672
47.646025886874526
72.42476199641466
10.943215101405634
-49.371884327752205
17.53788919946663
-21.10428487198073
39.05080014612146
45.514264503254644
-4.3570319509926865
35.39237733433536
-14.524628662161396
-6.147534333024142
47.347063914796706
28.394229870290737
12.9183679385109
32.437063050152084
-2.361155637557781
66.12368740687506
50.71889045515697
1.9924218586976021
33.273089493233776
60.94994496564042
86.90552404700331
-34.41879441125154
-4.6156151532135805
-1.859186988302035
3.6324494231876425
17.30561868954797
-30.286681149080906
71.67629534257783
40.3965419511307
-20.937874782991813
-11.974406713103617
-3.2680075051808313
10.395800670665134
13.918863819446171
7.020190187401701
-0.1915102573372991
42.008205598612555
10.720514083775887
45.73826123512208
30.894519232138983
10.461954439985004
24.159871087830588
78.7571399419434
-22.69578320518975
26.449223213440213
-36.567641692075625
77.33784650456255
-42.97182933897432
24.881938211951187
51.4405810179188
37.348322649124135
10.464353950319534
27.42967926881597
2.778444076453731
2.1289406705330087
70.52686191920705
8.385465912413387
25.29917753826119
-22.53935055415282
30.938668244344683
45.81655263925946
67.54498462898005
20.44744998890271
4.731112762629439
-33.03317250162529
-20.2517016524775
-13.037124894435882
36.90629469755356
50.247808588921984
-2.4724039696796947
10.271903605895176
-34.336227143538025
27.16008774680207
8.36226118735334
-39.642583577676916
-24.55967541994655
-11.293412152695536
-14.905818286388003
38.02900970097519
29.658441737058403
22.191745326493226
15.692820804619558
-1.8713500657585556
1.1673527641006434
-38.10129946343759
1.379531761067316
-13.612538826730807
-17.603310082389015
45.82509481060727
-42.31972053417367
-14.010730528736504
-24.962781994017163
-23.65278285788993
98.59264947712055
-53.34050160723352
46.06279529902103
35.33814561619067
-16.60677750693725
-45.703274520152945
-7.792358946958144
33.91823711094832
-27.96271201561928
34.21844513778186
-39.079339652505595
10.762820747977898
70.38398306567369
55.24099307592277
-6.931673286237151
-27.590823223268117
27.902720247193983
46.81632074406214
24.174979355890002
10.030497495507424
31.982336824581907
-17.19036901465519
12.832642672613677
34.47671093256312
1.6598833531132584
24.033212497105602
-13.564388765181027
43.8357475155152
29.708826905805125
-30.50030274736934
24.01558069408643
21.673173460515017
-10.618778948077393
25.320420818258242
-23.92497796602428
-28.851078902964154
-39.74125814975794
58.64026730918375
9.954091086722443
22.77902591595536
68.32225164218973
35.38603366954445
27.531748730694424
36.50184695520115
15.1161311925442
41.425137511589334
1.3067018577040912
8.270733577707162
1.402111097921793
17.000076725608093
2.9474721265418964
7.820715467650993
48.648420353468374
45.001823734654835
36.946330253563374
-18.93486299115149
25.970332189014655
22.17234198490506
20.14973784004264
8.94338718082706
66.52145969174545
-4.093105050517147
12.456954304631116
17.41670637717341
26.12760330907451
65.23149232824655
17.750355973856475
45.878070830554066
53.09249940665278
34.984882204014205
-10.130518194020192
-17.084168210376234
-2.5297454104514703
14.398276550779435
-15.829332517564728
-14.90497551964012
45.698691890997736
41.197605703475126
16.497224263774
4.9918149113469905
-32.68821879615287
-50.82117473482437
-23.774422066385725
-23.372845252913585
-4.232663015433248
20.475097716119606
-34.59806844631318
-14.454765074643413
-73.5456945148563
41.60046655884294
-13.351722470076842
-42.81797538213324
-7.693456026676971
-29.74218365969626
-38.334086841335676
36.434311004907364
-24.443563260285153
-27.14594779239941
14.601349176242291
-18.113869756713953
131.79147962768675
47.99973419433523
25.29127465245623
37.02099694115652
-22.247008390338905
9.350845189434327
-6.708845389542608
-4.174501780367395
37.60796267396717
-5.827728676487679
-12.070592022714967
28.82209414890793
-42.815128282240785
0.30668242584156324
-32.19458715793476
2.8784673966712884
15.657640781901389
8.368797422323645
49.87566094247567
2.4825332327857215
-12.70620442993111
-32.453765969336224
21.179505636086688
-9.314788755336467
-2.988913085157609
1.9744865693613036
56.52334112430854
21.933359361475354
55.39354925628908
-12.466875716266715
43.2843332216247
-17.44586308451894
1.0527463726813568
-39.77560228543273
10.857467691971827
1.1003313228613418
-43.72193345828548
52.8182738120257
40.36012914939815
-8.38127016107324
81.24414546741221
-8.51413079393222
22.303226689671256
-11.322072231044165
5.924399455361321
33.09844598816622
51.18323668098426
22.155182872100667
10.831192197622938
46.64340543802291
81.53740401100549
65.96494766928832
-42.68272654249627
34.2008067505375
-19.103593713743813
41.51741336680364
-10.62751291032975
-32.91719526967357
27.610216101470414
64.07409841893458
70.44421834975925
31.493661684394354
44.927959618393885
28.014994941601024
-6.572042299602133
23.67198926144227
7.598049172320357
6.662872856442595
61.48493841251847
23.12768026837662
8.002865569657025
26.86951909920466
-39.33573363433108
1.1169040827804135
43.68530688270655
66.45085747516237
-6.280400681448276
49.849963104223775
28.475901261878363
-4.554982171870952
26.660301482401557
2.232659852987684
54.45270936402589
-2.4761731804839755
63.91315203740738
19.113387353767056
-35.45266845127155
9.664692174687632
-29.715820809549392
-24.660258785298232
42.816164006111585
55.385947834701454
16.12893395890349
7.545229380753341
0.28734421008721966
1.3273334283438647
3.9841285708125724
5.946221689097846
19.304033338655806
-36.37823515104238
-20.43087040383201
-17.31490966031255
-17.49435319133915
-36.08260264097739
0.02368250863789534
-18.125883206676214
0.5734393214309712
22.81593472186112
16.115295227917013
-5.1495985034093525
-26.801760532052747
52.595900266001756
-1.4820232290871154
-40.675353914038254
7.552289418219792
-22.15199040265353
28.109957914381944
2.410911628462351
-45.401575084112956
15.203400780972588
-21.298465682841197
41.587166729808274
13.52713666907278
31.94916806791123
32.4216930431308
-16.331337143634848
51.701058688127645
75.12608132222593
8.615292263496118
80.47004527795387
60.315831100378055
11.211474569498193
2.446069076514666
63.03971483995206
25.67156119880468
9.039248368901802
33.49807101145026
10.144131155341228
22.809991082459085
-4.49526874043366
-28.916149883771226
-29.313624105212824
3.890300483086799
